0% 12.847665 7.599765 134.633625 50
10% 61.55598 3.819645 155.61604499999999 50
20% 98.731665 0.36567 166.815135 50
30% 133.52641500000001 6.255660000000001 166.489755 50
40% 165.94023 31.953795 151.88233499999998 50
50% 191.83956 57.918915 130.852995 50
60% 213.384255 83.921775 109.880775 50
70% 231.378075 110.80362000000001 90.00735 50
80% 245.61676500000002 141.235575 69.33679500000001 50
90% 252.956175 173.700645 49.800225 50
100% 251.55979499999998 209.712255 36.607034999999996 50
nv     0   0   0   0
